world: 5339777e-baf8-4996-93d6-fb8a251944cf
world-name: lobby
x: 0.4673768248315053
y: 75.0
z: 335.42781925051787
yaw: 179.84999084472656
pitch: -2.8500545024871826
name: lobby
lastowner: c1bf5ce2-3c0d-3963-8a88-b640f92197f0
