world: 5339777e-baf8-4996-93d6-fb8a251944cf
world-name: lobby
x: 0.5
y: 66.0
z: 0.5
yaw: 1.190657377243042
pitch: -0.7499480247497559
name: reglas
lastowner: c1bf5ce2-3c0d-3963-8a88-b640f92197f0
